0	0	0	0	0	0	0	0	0	0
5.49954281996568E-005	7.58130583303849E-005	0	0	0	0	0	0	0	0
-4.84696961212158E-005	-0.0001071362	0	0	0	0	0	0	0	0
2.54932648789239E-005	0.0001454664	0	0	0	0	0	0	0	0
5.39564539282338E-005	0.0001204684	0	0	0	0	0	0	0	0
2.32172081555192E-005	0.0001706193	0	0	0	0	0	0	0	0
1.35872582759064E-005	0.0001567526	0	0	0	0	0	0	0	0
-0.000031042	0.0001210451	0	0	0	0	0	0	0	0
1.00857264233923E-005	-0.0001342135	0	0	0	0	0	0	0	0
4.63239302322472E-005	-0.0001481658	0	0	0	0	0	0	0	0
-4.24920515708115E-005	0.0001168254	0	0	0	0	0	0	0	0
7.1820106595858E-005	1.84192322307665E-005	0	0	0	0	0	0	0	0
-5.65076345155799E-005	-0.0001463484	0	0	0	0	0	0	0	0
7.2041567440164E-005	-7.82578244918977E-005	0	0	0	0	0	0	0	0
-7.48147348876036E-005	9.89801208728753E-005	0	0	0	0	0	0	0	0
-5.74938778440682E-005	0.0001317845	0	0	0	0	0	0	0	0
-4.46961691095253E-005	-0.0001330816	0	0	0	0	0	0	0	0
2.89114473120156E-005	0.0001499093	0	0	0	0	0	0	0	0
-4.21251329989277E-005	-0.0001085653	0	0	0	0	0	0	0	0
-3.43628422586024E-005	0.000163849	0	0	0	0	0	0	0	0
-8.9557737866865E-005	-1.04557633718906E-005	0	0	0	0	0	0	0	0
-8.61692020706164E-006	0.000170574	0	0	0	0	0	0	0	0
-1.91363245879793E-005	-0.0001357194	0	0	0	0	0	0	0	0
-2.49995884816985E-005	0.0001488897	0	0	0	0	0	0	0	0
8.09646159762228E-005	-3.11925388205369E-005	0	0	0	0	0	0	0	0
9.02245327729261E-006	-0.0001729481	0	0	0	0	0	0	0	0
3.99180627985865E-005	0.0001447317	0	0	0	0	0	0	0	0
-9.29222016693748E-005	-5.65898923206619E-005	0	0	0	0	0	0	0	0
-2.38718572503217E-005	0.0001760185	0	0	0	0	0	0	0	0
-3.84510310223928E-006	0.0001724441	0	0	0	0	0	0	0	0
-5.40447551047716E-005	-9.66632545879753E-005	0	0	0	0	0	0	0	0
-7.41770891963493E-005	-7.54941086713678E-005	0	0	0	0	0	0	0	0
0.000080547	-6.31757258752497E-005	0	0	0	0	0	0	0	0
-3.43447664633607E-005	0.0001447434	0	0	0	0	0	0	0	0
1.43531318856133E-005	-0.0001339028	0	0	0	0	0	0	0	0
-3.98748387038416E-005	-0.000149047	0	0	0	0	0	0	0	0
2.45589415250908E-005	-0.0001733325	0	0	0	0	0	0	0	0
-3.03700731409399E-005	0.0001349861	0	0	0	0	0	0	0	0
6.82113020579243E-005	0.0001233375	0	0	0	0	0	0	0	0
6.89537044520435E-005	5.5522814560367E-005	0	0	0	0	0	0	0	0
3.90968291567245E-005	0.0001224903	0	0	0	0	0	0	0	0
-3.10647955036215E-005	-0.0001184546	0	0	0	0	0	0	0	0
-7.4493599464303E-005	5.7924655048442E-005	0	0	0	0	0	0	0	0
-1.97303475723856E-005	0.0001777167	0	0	0	0	0	0	0	0
-0.000068035	2.22279361833433E-005	0	0	0	0	0	0	0	0
-0.000023707	0.0001571117	0	0	0	0	0	0	0	0
8.49527487108173E-005	-7.75127643422426E-005	0	0	0	0	0	0	0	0
-2.84518205620513E-005	0.0001501666	0	0	0	0	0	0	0	0
5.06724272625159E-005	-0.0001374491	0	0	0	0	0	0	0	0
6.78828458354204E-005	0.0001057011	0	0	0	0	0	0	0	0
-0.000069278	-6.67667559977641E-006	0	0	0	0	0	0	0	0
6.56465188340296E-005	0.0001028655	0	0	0	0	0	0	0	0
7.18641164550316E-005	4.01802419066242E-005	0	0	0	0	0	0	0	0
6.964716886894E-005	-0.0001095455	0	0	0	0	0	0	0	0
-5.42955237508791E-005	0.0001105017	0	0	0	0	0	0	0	0
2.31898908732208E-005	0.0001706225	0	0	0	0	0	0	0	0
6.20168620913737E-005	0.0001347213	0	0	0	0	0	0	0	0
0.000068234	9.98334927884184E-005	0	0	0	0	0	0	0	0
-7.8843905587521E-005	-9.91729113545551E-006	0	0	0	0	0	0	0	0
0.000065317	-0.0001205494	0	0	0	0	0	0	0	0
7.20975333581482E-005	-2.34376272902768E-005	0	0	0	0	0	0	0	0
8.05235704656749E-007	-0.0001490293	0	0	0	0	0	0	0	0
7.31002139463522E-005	-0.0001185368	0	0	0	0	0	0	0	0
-5.32626154798537E-005	-8.68633645575908E-005	0	0	0	0	0	0	0	0
-2.41106756298551E-005	0.0001480064	0	0	0	0	0	0	0	0
7.44268378962856E-005	-7.59763484890575E-006	0	0	0	0	0	0	0	0
-6.52241094560559E-005	0.000075574	0	0	0	0	0	0	0	0
0.000043165	0.000101603	0	0	0	0	0	0	0	0
0.000053956	-0.0001392493	0	0	0	0	0	0	0	0
5.29016568142714E-005	9.81702436064374E-005	0	0	0	0	0	0	0	0
9.35988536226189E-005	1.83666652281815E-005	0	0	0	0	0	0	0	0
-3.63401430141066E-005	0.0001478518	0	0	0	0	0	0	0	0
-7.86057264540299E-005	6.05813973210555E-006	0	0	0	0	0	0	0	0
4.62869497808348E-005	9.96632416469151E-005	0	0	0	0	0	0	0	0
4.31855901488307E-005	-0.0001587113	0	0	0	0	0	0	0	0
-2.16657875280666E-005	-0.0001517895	0	0	0	0	0	0	0	0
6.38437837108738E-005	-8.45848613428927E-005	0	0	0	0	0	0	0	0
6.56308656873826E-005	3.75583577747596E-005	0	0	0	0	0	0	0	0
5.0500693669427E-005	-8.45683498234034E-005	0	0	0	0	0	0	0	0
3.50443723080841E-005	0.0001554284	0	0	0	0	0	0	0	0
3.93577093578518E-005	0.0001452546	0	0	0	0	0	0	0	0
0.000055702	-0.0001334575	0	0	0	0	0	0	0	0
0.000051921	-0.000108979	0	0	0	0	0	0	0	0
0.000051592	0.0001500661	0	0	0	0	0	0	0	0
4.67367238998544E-005	-0.0001414136	0	0	0	0	0	0	0	0
6.64640555271501E-005	-0.000021274	0	0	0	0	0	0	0	0
8.99238705085848E-006	0.0001668497	0	0	0	0	0	0	0	0
-6.00869016637586E-005	-7.58113702406889E-005	0	0	0	0	0	0	0	0
7.57356062102363E-005	4.62215344724967E-005	0	0	0	0	0	0	0	0
7.45586229148109E-005	-3.18177735693297E-005	0	0	0	0	0	0	0	0
-7.2420669518057E-005	-8.63517605825439E-005	0	0	0	0	0	0	0	0
-5.42365101288395E-005	-7.34173185590355E-005	0	0	0	0	0	0	0	0
0.000064418	4.02742630634443E-005	0	0	0	0	0	0	0	0
4.83333623184071E-005	-0.000136981	0	0	0	0	0	0	0	0
4.49838962192828E-005	-9.49189400355629E-005	0	0	0	0	0	0	0	0
-3.28638110027602E-005	0.0001484915	0	0	0	0	0	0	0	0
6.22987596916945E-005	-5.23622556661775E-005	0	0	0	0	0	0	0	0
8.71658007836172E-005	9.99087406541804E-006	0	0	0	0	0	0	0	0
-6.95522465417053E-005	-4.15843300839371E-005	0	0	0	0	0	0	0	0
1.84092044535956E-005	0.0001715899	0	0	0	0	0	0	0	0
-5.23604736229101E-005	0.0001139498	0	0	0	0	0	0	0	0
-5.95817386802452E-005	8.91300618820988E-005	0	0	0	0	0	0	0	0
6.0972205973128E-005	-6.28804129202665E-005	0	0	0	0	0	0	0	0
4.97307304208452E-005	0.0001189579	0	0	0	0	0	0	0	0
5.08024673408085E-005	0.0001521314	0	0	0	0	0	0	0	0
7.39778613970114E-005	2.70627955772166E-005	0	0	0	0	0	0	0	0
3.5803792436353E-005	-0.0001204588	0	0	0	0	0	0	0	0
-8.68667573880704E-005	-6.54273572335563E-005	0	0	0	0	0	0	0	0
-0.000010832	0.0001202119	0	0	0	0	0	0	0	0
6.42954491802971E-005	-6.9821158996584E-005	0	0	0	0	0	0	0	0
-3.23616171991401E-005	0.000130734	0	0	0	0	0	0	0	0
-7.66405635226256E-005	3.70029994203039E-006	0	0	0	0	0	0	0	0
-1.85596125333312E-005	0.0001486518	0	0	0	0	0	0	0	0
6.46761025270677E-005	0.0001159475	0	0	0	0	0	0	0	0
-6.46171150847052E-005	-0.000081447	0	0	0	0	0	0	0	0
9.76426347645847E-006	-0.0001435198	0	0	0	0	0	0	0	0
-5.49237714748949E-005	0.0001062609	0	0	0	0	0	0	0	0
-7.37864999807295E-005	6.34873261424517E-005	0	0	0	0	0	0	0	0
-7.11720920996765E-005	-2.13182243638982E-005	0	0	0	0	0	0	0	0
2.81562555141093E-005	0.0001431083	0	0	0	0	0	0	0	0
-5.5939650694164E-005	0.0001101142	0	0	0	0	0	0	0	0
-8.08618694040532E-005	4.25939257740277E-005	0	0	0	0	0	0	0	0
-5.3830843491784E-005	-9.61861463977431E-005	0	0	0	0	0	0	0	0
-6.65227111398482E-005	-0.00004777	0	0	0	0	0	0	0	0
1.84885694917488E-005	-0.0001416172	0	0	0	0	0	0	0	0
6.8503510308171E-005	3.40374957636422E-005	0	0	0	0	0	0	0	0
5.65955898300233E-005	-6.36386289558075E-005	0	0	0	0	0	0	0	0
-7.98473525471839E-005	2.82418301419797E-005	0	0	0	0	0	0	0	0
5.8925051131876E-005	0.0001015813	0	0	0	0	0	0	0	0
7.39091953293043E-005	8.66144924865767E-005	0	0	0	0	0	0	0	0
-8.13105751455697E-005	-9.54089310701353E-005	0	0	0	0	0	0	0	0
0.000056749	0.0001287836	0	0	0	0	0	0	0	0
8.5462859387692E-005	1.30096968438167E-005	0	0	0	0	0	0	0	0
-1.11167602015805E-005	0.000147026	0	0	0	0	0	0	0	0
-6.45438521332614E-005	-4.7912850603506E-005	0	0	0	0	0	0	0	0
5.85042155293608E-005	-0.0001400389	0	0	0	0	0	0	0	0
-0.000081218	-8.25027433486265E-005	0	0	0	0	0	0	0	0
-9.41395058827396E-005	-2.09794008488161E-005	0	0	0	0	0	0	0	0
-3.91182004999892E-005	-0.0001332805	0	0	0	0	0	0	0	0
-0.000042448	0.0001398233	0	0	0	0	0	0	0	0
-2.04007898420818E-005	0.0001263286	0	0	0	0	0	0	0	0
7.27998131161164E-005	-7.77038215536106E-005	0	0	0	0	0	0	0	0
1.00527898249782E-006	0.000161124	0	0	0	0	0	0	0	0
-7.56615386554357E-005	5.38262709230455E-006	0	0	0	0	0	0	0	0
-7.04248458920799E-005	0.0001200973	0	0	0	0	0	0	0	0
-4.25502810999469E-005	0.0001051336	0	0	0	0	0	0	0	0
-1.97245363470806E-005	-0.0001256192	0	0	0	0	0	0	0	0
-4.15037240463328E-005	-9.85991883511389E-005	0	0	0	0	0	0	0	0
4.26008678571348E-005	0.0001632708	0	0	0	0	0	0	0	0
7.86882518246517E-005	-4.02884097208569E-005	0	0	0	0	0	0	0	0
-3.88789128443733E-006	0.0001718068	0	0	0	0	0	0	0	0
-6.38698619507588E-005	-6.80721860151055E-005	0	0	0	0	0	0	0	0
3.16143817142687E-007	0.00012133	0	0	0	0	0	0	0	0
3.79996024623756E-005	-0.0001387278	0	0	0	0	0	0	0	0
9.81256857753357E-005	2.10185750756499E-005	0	0	0	0	0	0	0	0
-0.00007291	-4.51785583843546E-005	0	0	0	0	0	0	0	0
-8.80457077897917E-005	5.82272247544035E-005	0	0	0	0	0	0	0	0
-1.08151655871301E-006	-0.0001687683	0	0	0	0	0	0	0	0
-7.04501917000672E-005	0.0001204961	0	0	0	0	0	0	0	0
-6.73363643954608E-005	-5.45058259915711E-005	0	0	0	0	0	0	0	0
6.66053137403684E-005	1.54502064892509E-005	0	0	0	0	0	0	0	0
-0.000069841	6.51967532401566E-005	0	0	0	0	0	0	0	0
9.50105983129989E-005	-1.35867122610811E-005	0	0	0	0	0	0	0	0
-0.00002262	0.0001274341	0	0	0	0	0	0	0	0
8.28536517363845E-005	0.000065267	0	0	0	0	0	0	0	0
-4.23615381908972E-005	-0.0001018656	0	0	0	0	0	0	0	0
-4.18813509342508E-005	-0.0001206117	0	0	0	0	0	0	0	0
-5.23551155605326E-005	-0.0001032289	0	0	0	0	0	0	0	0
-1.34887713131419E-005	0.0001719076	0	0	0	0	0	0	0	0
-1.60572187480269E-005	0.0001721155	0	0	0	0	0	0	0	0
4.05273176188971E-005	0.000115006	0	0	0	0	0	0	0	0
-2.99171370313519E-005	-0.0001536877	0	0	0	0	0	0	0	0
-1.05521137373759E-005	0.0001321981	0	0	0	0	0	0	0	0
9.60875326219667E-005	-3.94614633739772E-005	0	0	0	0	0	0	0	0
-6.65639397066405E-005	-6.36085688242254E-005	0	0	0	0	0	0	0	0
-0.000071255	5.84225812817099E-005	0	0	0	0	0	0	0	0
-3.78794103105146E-005	-0.0001306475	0	0	0	0	0	0	0	0
-5.84864087644437E-005	9.4982545573137E-005	0	0	0	0	0	0	0	0
-5.81485373563977E-005	0.0001187777	0	0	0	0	0	0	0	0
-0.000049004	0.0001263928	0	0	0	0	0	0	0	0
-8.90563206771962E-005	-1.85474267827565E-005	0	0	0	0	0	0	0	0
-3.24463045074579E-005	0.0001174744	0	0	0	0	0	0	0	0
7.8366063106641E-006	-0.0001583573	0	0	0	0	0	0	0	0
4.3748164134568E-005	0.0001356874	0	0	0	0	0	0	0	0
-4.01956295922302E-005	0.0001442621	0	0	0	0	0	0	0	0
5.96125218185051E-005	-6.8267328112973E-005	0	0	0	0	0	0	0	0
3.63355432704144E-005	0.0001685803	0	0	0	0	0	0	0	0
-3.92166604741126E-005	0.0001467906	0	0	0	0	0	0	0	0
-1.00453317291894E-005	0.0001322521	0	0	0	0	0	0	0	0
-8.92765846348872E-005	2.41135934367951E-005	0	0	0	0	0	0	0	0
8.9686310991311E-005	2.3658704799526E-006	0	0	0	0	0	0	0	0
8.35698805681888E-005	-3.04872992901729E-006	0	0	0	0	0	0	0	0
-4.44624280365286E-005	-0.0001010606	0	0	0	0	0	0	0	0
8.08752867972827E-005	-3.54881398643402E-005	0	0	0	0	0	0	0	0
3.63747248897413E-005	0.0001044006	0	0	0	0	0	0	0	0
5.21513102136741E-005	-0.0001296928	0	0	0	0	0	0	0	0
-9.26961739949464E-005	-2.00891492495064E-006	0	0	0	0	0	0	0	0
-8.47427146311724E-005	-9.81543461046558E-007	0	0	0	0	0	0	0	0
6.63573599769867E-005	5.69351848770862E-005	0	0	0	0	0	0	0	0
-5.25817681322191E-005	-0.0001516929	0	0	0	0	0	0	0	0
-7.66498760427667E-005	-7.46891647246006E-005	0	0	0	0	0	0	0	0
-5.35652022220653E-005	-7.21261484583637E-005	0	0	0	0	0	0	0	0
-6.63453619263588E-005	-6.61773292802065E-005	0	0	0	0	0	0	0	0
-5.8689603529581E-005	0.0001408528	0	0	0	0	0	0	0	0
-6.42263480438078E-005	-5.69436990286236E-005	0	0	0	0	0	0	0	0
7.73686039239709E-005	8.14488959043479E-005	0	0	0	0	0	0	0	0
-5.49841260098556E-005	-0.0001237441	0	0	0	0	0	0	0	0
6.21652748618998E-005	9.52023521149388E-005	0	0	0	0	0	0	0	0
0.000077897	8.65704785290272E-005	0	0	0	0	0	0	0	0
-6.67648237497892E-005	-2.06016229301879E-005	0	0	0	0	0	0	0	0
0.000072015	-2.35276161049991E-005	0	0	0	0	0	0	0	0
-6.81283338648679E-006	0.000156235	0	0	0	0	0	0	0	0
6.74704021637339E-005	3.19838391133171E-006	0	0	0	0	0	0	0	0
-6.88370978517034E-005	-3.46155447512795E-005	0	0	0	0	0	0	0	0
-9.96551631787343E-005	7.04340898663983E-006	0	0	0	0	0	0	0	0
-6.8644680692845E-005	-1.47870940094022E-005	0	0	0	0	0	0	0	0
0.000084425	-9.60823660024898E-005	0	0	0	0	0	0	0	0
4.28837432314107E-005	-0.0001477013	0	0	0	0	0	0	0	0
7.15834286090564E-005	-6.9030701841939E-006	0	0	0	0	0	0	0	0
-7.30395276190184E-005	0.000088635	0	0	0	0	0	0	0	0
2.71606146908475E-005	0.0001646757	0	0	0	0	0	0	0	0
-6.28999106696637E-005	0.000066123	0	0	0	0	0	0	0	0
2.73937578850568E-005	-0.0001709107	0	0	0	0	0	0	0	0
-8.96398427746032E-005	-6.56181473915932E-005	0	0	0	0	0	0	0	0
-5.34215639432429E-005	9.00584340117888E-005	0	0	0	0	0	0	0	0
-1.13556160017348E-005	0.0001305679	0	0	0	0	0	0	0	0
2.31041965778066E-006	0.0001402608	0	0	0	0	0	0	0	0
-3.78060792253369E-005	-0.0001235523	0	0	0	0	0	0	0	0
-3.54319059086058E-005	-0.000106057	0	0	0	0	0	0	0	0
7.5896754061485E-005	0.0001102078	0	0	0	0	0	0	0	0
6.66719347637005E-005	-7.74337647742649E-005	0	0	0	0	0	0	0	0
6.39029141367227E-005	9.3314858355092E-005	0	0	0	0	0	0	0	0
5.59636578818698E-005	0.0001030163	0	0	0	0	0	0	0	0
-9.4924277130999E-006	0.0001784597	0	0	0	0	0	0	0	0
-9.93960875644369E-005	-6.17930919827001E-006	0	0	0	0	0	0	0	0
-5.71967053630584E-005	9.88628731388345E-005	0	0	0	0	0	0	0	0
-4.45777503778509E-005	0.0001124048	0	0	0	0	0	0	0	0
-6.8783846091784E-005	-8.19203343427301E-005	0	0	0	0	0	0	0	0
-7.32424091675738E-005	-9.7565667977342E-005	0	0	0	0	0	0	0	0
4.43506761923645E-005	9.15617675464893E-005	0	0	0	0	0	0	0	0
8.53047866685077E-006	-0.0001353929	0	0	0	0	0	0	0	0
7.5321540555367E-005	-3.72667684612717E-005	0	0	0	0	0	0	0	0
2.69355739118428E-005	-0.0001474462	0	0	0	0	0	0	0	0
-6.3647512363458E-005	8.55992597602511E-005	0	0	0	0	0	0	0	0
-0.000081654	8.60718892313161E-005	0	0	0	0	0	0	0	0
-2.23416998704427E-005	-0.0001569178	0	0	0	0	0	0	0	0
-8.2990128375446E-005	0.000027632	0	0	0	0	0	0	0	0
4.07879428169435E-005	0.0001224473	0	0	0	0	0	0	0	0
1.38445203725812E-005	0.0001356302	0	0	0	0	0	0	0	0
2.11118589078088E-005	-0.0001209972	0	0	0	0	0	0	0	0
-3.81660555832847E-005	0.0001129387	0	0	0	0	0	0	0	0
-2.60876700636002E-005	0.0001185872	0	0	0	0	0	0	0	0
4.62884018046357E-005	-0.0001499463	0	0	0	0	0	0	0	0
0.000027805	0.0001539876	0	0	0	0	0	0	0	0
-3.38763169055752E-005	-0.0001354121	0	0	0	0	0	0	0	0
9.26701563955138E-005	-5.76816588065803E-005	0	0	0	0	0	0	0	0
4.21851915761582E-005	0.0001160569	0	0	0	0	0	0	0	0
-2.15280992854458E-005	0.0001480841	0	0	0	0	0	0	0	0
5.41319345419439E-005	0.0001448862	0	0	0	0	0	0	0	0
-8.31554402802149E-005	7.03713699311492E-005	0	0	0	0	0	0	0	0
1.16031475115376E-005	0.0001769634	0	0	0	0	0	0	0	0
0.000010517	-0.000121922	0	0	0	0	0	0	0	0
5.56817315545631E-005	-7.94788990075248E-005	0	0	0	0	0	0	0	0
6.53809259476847E-005	-4.25668397065918E-005	0	0	0	0	0	0	0	0
-2.20260897141911E-005	-0.0001538066	0	0	0	0	0	0	0	0
-7.21445936117795E-005	3.87621276723737E-005	0	0	0	0	0	0	0	0
-1.27592832850263E-005	0.0001790942	0	0	0	0	0	0	0	0
-3.19579067653523E-005	0.0001421046	0	0	0	0	0	0	0	0
-1.3252622679679E-005	0.0001600985	0	0	0	0	0	0	0	0
0.000091104	3.51713078417213E-005	0	0	0	0	0	0	0	0
0.000072977	9.00453569630892E-005	0	0	0	0	0	0	0	0
1.85202000926255E-005	-0.0001516517	0	0	0	0	0	0	0	0
5.66169488174248E-005	-7.84433217018796E-005	0	0	0	0	0	0	0	0
-9.10545433888456E-005	-3.20852165562241E-005	0	0	0	0	0	0	0	0
6.31328091732242E-005	0.0001385429	0	0	0	0	0	0	0	0
-5.48610760899398E-005	-0.0001301151	0	0	0	0	0	0	0	0
-6.55996921727281E-005	-7.93749089482832E-005	0	0	0	0	0	0	0	0
-1.74655685171807E-005	0.000120642	0	0	0	0	0	0	0	0
1.37166016431271E-005	-0.0001380833	0	0	0	0	0	0	0	0
7.12343273298796E-005	-1.63925322354004E-005	0	0	0	0	0	0	0	0
-3.44317451676384E-005	0.0001697731	0	0	0	0	0	0	0	0
5.1786928591227E-005	-0.0001019675	0	0	0	0	0	0	0	0
-8.18168640387097E-005	-6.44898131918054E-005	0	0	0	0	0	0	0	0
9.04983030953869E-005	-4.58474940222675E-005	0	0	0	0	0	0	0	0
6.09679022783576E-005	-9.66301559198406E-005	0	0	0	0	0	0	0	0
-1.12951343583644E-005	0.0001438433	0	0	0	0	0	0	0	0
8.8691723510361E-005	7.27502164662856E-005	0	0	0	0	0	0	0	0
6.78783948726189E-005	0.0001285338	0	0	0	0	0	0	0	0
-6.67456394180384E-005	-0.000048546	0	0	0	0	0	0	0	0
8.89587761000724E-005	7.32382283725806E-005	0	0	0	0	0	0	0	0
-6.41017010959449E-005	0.00005772	0	0	0	0	0	0	0	0
7.53947154291166E-006	-0.000154721	0	0	0	0	0	0	0	0
7.52398772943798E-005	5.15368277481068E-005	0	0	0	0	0	0	0	0
-2.07660957697002E-005	0.0001575635	0	0	0	0	0	0	0	0
-6.674182468152E-005	-4.44025556297506E-005	0	0	0	0	0	0	0	0
-2.71277121306091E-005	-0.0001116555	0	0	0	0	0	0	0	0
8.29488608790861E-005	-2.19948247146009E-005	0	0	0	0	0	0	0	0
6.69833227213428E-005	-3.38492687167096E-005	0	0	0	0	0	0	0	0
-6.27773206225622E-006	0.0001390448	0	0	0	0	0	0	0	0
-9.3080759293887E-005	-8.8945963035093E-006	0	0	0	0	0	0	0	0
-8.11058921062963E-005	-2.31759025910098E-005	0	0	0	0	0	0	0	0
1.49356465766882E-005	0.0001756593	0	0	0	0	0	0	0	0
0.000070908	8.03558759800969E-005	0	0	0	0	0	0	0	0
4.22299060090479E-005	-0.0001178708	0	0	0	0	0	0	0	0
6.11423023736925E-005	9.16186028629303E-005	0	0	0	0	0	0	0	0
0.000047079	-0.0001080887	0	0	0	0	0	0	0	0
6.02507864457773E-005	0.0001147835	0	0	0	0	0	0	0	0
-0.000037089	-0.0001287115	0	0	0	0	0	0	0	0
3.56505517111379E-005	0.0001135981	0	0	0	0	0	0	0	0
-8.5319943250261E-005	-0.000004024	0	0	0	0	0	0	0	0
-4.08142457040518E-005	0.0001315565	0	0	0	0	0	0	0	0
-8.37344336028565E-005	-0.000014499	0	0	0	0	0	0	0	0
-8.50849059873418E-007	0.0001635312	0	0	0	0	0	0	0	0
-3.43606319936687E-005	0.0001537676	0	0	0	0	0	0	0	0
-3.53218546129861E-005	-0.000105387	0	0	0	0	0	0	0	0
-4.56542322648137E-005	-0.0001572953	0	0	0	0	0	0	0	0
-8.11942613877202E-005	2.38139055917906E-005	0	0	0	0	0	0	0	0
4.73979185939958E-005	0.0001583364	0	0	0	0	0	0	0	0
6.67569308058236E-005	-2.6996073725331E-005	0	0	0	0	0	0	0	0
6.98554318583024E-005	8.64952827929476E-006	0	0	0	0	0	0	0	0
4.68728849259851E-005	0.00011251	0	0	0	0	0	0	0	0
-6.99649785379128E-006	0.0001478595	0	0	0	0	0	0	0	0
5.82008820909652E-005	-0.0001250346	0	0	0	0	0	0	0	0
-6.35072537843309E-005	-5.37940887855058E-005	0	0	0	0	0	0	0	0
2.80067004549263E-005	-0.0001140574	0	0	0	0	0	0	0	0
-2.77822352630799E-005	-0.000163658	0	0	0	0	0	0	0	0
6.2321210944437E-005	0.0001094801	0	0	0	0	0	0	0	0
9.50661601187393E-005	-4.39825146386963E-005	0	0	0	0	0	0	0	0
8.109448727488E-005	1.07591876518538E-005	0	0	0	0	0	0	0	0
7.49422800270306E-005	3.01875743816635E-005	0	0	0	0	0	0	0	0
-5.54767713998965E-005	-0.0001400472	0	0	0	0	0	0	0	0
-0.000009003	-0.0001650372	0	0	0	0	0	0	0	0
9.17745421298531E-005	-7.73783744458458E-006	0	0	0	0	0	0	0	0
-5.69060692138293E-005	-9.99984287957015E-005	0	0	0	0	0	0	0	0
-5.51327833102163E-005	-0.0001486852	0	0	0	0	0	0	0	0
2.10373282907533E-005	-0.0001235191	0	0	0	0	0	0	0	0
-0.000020144	0.0001674601	0	0	0	0	0	0	0	0
-7.09367393577918E-005	-0.0001036931	0	0	0	0	0	0	0	0
9.29610916397043E-005	3.57947386308182E-005	0	0	0	0	0	0	0	0
-8.89561633104192E-005	6.31223592084608E-005	0	0	0	0	0	0	0	0
6.34587315580398E-005	-8.36827922048695E-005	0	0	0	0	0	0	0	0
-7.61030630311797E-005	8.32735579549459E-005	0	0	0	0	0	0	0	0
4.37859480292885E-005	0.0001158467	0	0	0	0	0	0	0	0
2.78413712382743E-005	0.0001144472	0	0	0	0	0	0	0	0
3.87978396101731E-005	0.0001275085	0	0	0	0	0	0	0	0
2.21101479501701E-005	-0.0001221411	0	0	0	0	0	0	0	0
7.66743364781102E-006	0.0001337372	0	0	0	0	0	0	0	0
1.79101224777831E-005	-0.0001337014	0	0	0	0	0	0	0	0
-4.78626268703132E-005	-0.0001282629	0	0	0	0	0	0	0	0
7.77523296656675E-005	-1.63135631973966E-005	0	0	0	0	0	0	0	0
-6.39181680743717E-005	-0.000075751	0	0	0	0	0	0	0	0
9.3570927460296E-005	3.37352516468844E-005	0	0	0	0	0	0	0	0
-2.19718810804959E-005	-0.000136169	0	0	0	0	0	0	0	0
5.72841586091817E-005	7.09850636372394E-005	0	0	0	0	0	0	0	0
-1.44443071298198E-005	0.0001189963	0	0	0	0	0	0	0	0
8.01787119464669E-005	-6.26236212935559E-005	0	0	0	0	0	0	0	0
-7.71294696076703E-005	2.48677366837966E-005	0	0	0	0	0	0	0	0
-6.77816860479774E-005	1.71412161973865E-005	0	0	0	0	0	0	0	0
2.91475326122588E-005	0.0001680671	0	0	0	0	0	0	0	0
9.59013508981486E-005	-1.56257250533211E-005	0	0	0	0	0	0	0	0
-6.32919183354544E-005	0.000088303	0	0	0	0	0	0	0	0
-7.13417126872062E-005	7.44631842467091E-005	0	0	0	0	0	0	0	0
-2.95302870126499E-005	-0.0001399027	0	0	0	0	0	0	0	0
-3.77514807983083E-005	0.0001054877	0	0	0	0	0	0	0	0
7.50756657909786E-005	-0.000111044	0	0	0	0	0	0	0	0
-7.25004075530742E-005	-0.000084894	0	0	0	0	0	0	0	0
5.94497207775794E-005	-0.0001125696	0	0	0	0	0	0	0	0
3.42256670663638E-006	-0.0001586981	0	0	0	0	0	0	0	0
6.8925610566828E-005	-6.91469242685479E-005	0	0	0	0	0	0	0	0
6.36592563985509E-005	-9.73533647821933E-005	0	0	0	0	0	0	0	0
-9.12002971020104E-005	-2.03901951602139E-005	0	0	0	0	0	0	0	0
-7.05422552501868E-005	-2.92147585611773E-005	0	0	0	0	0	0	0	0
5.83909546982322E-006	0.0001810089	0	0	0	0	0	0	0	0
3.71006234435839E-005	0.0001159426	0	0	0	0	0	0	0	0
6.23392613450532E-005	-0.0001067058	0	0	0	0	0	0	0	0
-6.98485386846734E-005	3.97643042412668E-005	0	0	0	0	0	0	0	0
3.7432852125209E-005	0.0001279106	0	0	0	0	0	0	0	0
-4.11898690770641E-005	0.0001183918	0	0	0	0	0	0	0	0
-9.45866587622042E-005	4.875256090505E-005	0	0	0	0	0	0	0	0
0.000041888	0.0001375668	0	0	0	0	0	0	0	0
-6.83004533670131E-005	-0.0001210179	0	0	0	0	0	0	0	0
0.000070715	-5.72565279670871E-005	0	0	0	0	0	0	0	0
-5.09313895154882E-005	0.0001344345	0	0	0	0	0	0	0	0
3.97861192245555E-005	-0.000098091	0	0	0	0	0	0	0	0
-0.000096385	6.51572841455822E-006	0	0	0	0	0	0	0	0
4.37814996557535E-005	0.0001336968	0	0	0	0	0	0	0	0
-6.69328098175482E-005	-4.51028763099774E-005	0	0	0	0	0	0	0	0
2.86961537969764E-005	-0.0001523503	0	0	0	0	0	0	0	0
1.36307033911376E-005	-0.0001256239	0	0	0	0	0	0	0	0
-3.5899204665416E-005	0.0001180785	0	0	0	0	0	0	0	0
8.36488175131603E-005	-1.83756506211432E-006	0	0	0	0	0	0	0	0
-7.43474170784019E-005	-8.06101408359733E-005	0	0	0	0	0	0	0	0
-8.54323178026488E-005	-2.55223834962088E-005	0	0	0	0	0	0	0	0
-8.74168347228515E-005	4.84891784182043E-005	0	0	0	0	0	0	0	0
8.95614311829996E-005	5.45260815809903E-005	0	0	0	0	0	0	0	0
-0.000094068	-7.24564619236462E-006	0	0	0	0	0	0	0	0
3.91286990757778E-005	0.0001141638	0	0	0	0	0	0	0	0
6.39997297551593E-005	6.88807839013936E-005	0	0	0	0	0	0	0	0
-4.15745781631773E-005	-0.0001245526	0	0	0	0	0	0	0	0
-2.86526594990246E-005	0.0001191096	0	0	0	0	0	0	0	0
2.65904614284054E-005	-0.0001112857	0	0	0	0	0	0	0	0
-7.93273723562935E-005	-0.000034464	0	0	0	0	0	0	0	0
-6.4310519725468E-005	0.000053021	0	0	0	0	0	0	0	0
-6.07960543519406E-005	5.060676796555E-005	0	0	0	0	0	0	0	0
-8.65744436239836E-005	-2.90042930676907E-005	0	0	0	0	0	0	0	0
-8.68011126187851E-005	4.40418495164054E-005	0	0	0	0	0	0	0	0
-7.05738292818057E-005	-5.28762653489636E-006	0	0	0	0	0	0	0	0
-5.47742831810814E-005	-9.55552773094814E-005	0	0	0	0	0	0	0	0
3.22858621129676E-005	0.0001362966	0	0	0	0	0	0	0	0
7.93874963829751E-005	2.00120568017489E-005	0	0	0	0	0	0	0	0
-0.000083948	2.16912950986082E-005	0	0	0	0	0	0	0	0
-6.80738893077809E-005	2.11371569468588E-005	0	0	0	0	0	0	0	0
6.5431544994981E-005	8.67133406517658E-005	0	0	0	0	0	0	0	0
5.24245495574688E-005	7.57458468535387E-005	0	0	0	0	0	0	0	0
-3.18414268554772E-005	-0.0001616305	0	0	0	0	0	0	0	0
-2.09964616115339E-005	-0.0001328982	0	0	0	0	0	0	0	0
6.90633660787986E-005	-1.24816533341318E-005	0	0	0	0	0	0	0	0
8.67983976559022E-005	-6.42047407414258E-005	0	0	0	0	0	0	0	0
6.24171004861635E-005	0.0001282765	0	0	0	0	0	0	0	0
-9.04132503595777E-005	4.46271725733803E-005	0	0	0	0	0	0	0	0
-6.00782571964344E-005	0.000063964	0	0	0	0	0	0	0	0
9.37732666812759E-005	-2.89534885190985E-005	0	0	0	0	0	0	0	0
-7.49062341868009E-005	3.6563228936515E-005	0	0	0	0	0	0	0	0
-2.23088739784676E-005	-0.0001320538	0	0	0	0	0	0	0	0
5.78741021133986E-005	9.73667185534502E-005	0	0	0	0	0	0	0	0
-6.96291369362304E-005	4.89509430327882E-005	0	0	0	0	0	0	0	0
3.48018159692597E-005	-0.0001183329	0	0	0	0	0	0	0	0
0.000009155	0.0001285735	0	0	0	0	0	0	0	0
-8.3251608335507E-005	-0.000082559	0	0	0	0	0	0	0	0
7.16032742242978E-005	8.31157915155511E-005	0	0	0	0	0	0	0	0
-0.000053459	-0.0001109628	0	0	0	0	0	0	0	0
-2.34810883341738E-005	0.0001267638	0	0	0	0	0	0	0	0
3.33989452065382E-005	-0.0001691116	0	0	0	0	0	0	0	0
-7.21958692796513E-005	7.3476680181772E-005	0	0	0	0	0	0	0	0
3.27683670518411E-006	-0.0001806217	0	0	0	0	0	0	0	0
-7.80134139187721E-005	1.41249240926976E-005	0	0	0	0	0	0	0	0
7.72798866996718E-005	-5.04270698888749E-005	0	0	0	0	0	0	0	0
5.48347375436415E-005	9.21208297547812E-005	0	0	0	0	0	0	0	0
-7.73956761031448E-005	-7.86646709423652E-005	0	0	0	0	0	0	0	0
3.64642702874637E-005	0.0001369652	0	0	0	0	0	0	0	0
-6.3845319705884E-005	-9.93481286840611E-005	0	0	0	0	0	0	0	0
-0.000089498	-1.51078403071993E-005	0	0	0	0	0	0	0	0
6.05006791851967E-005	0.0001371231	0	0	0	0	0	0	0	0
-6.15408262410959E-005	6.82978613222117E-005	0	0	0	0	0	0	0	0
-6.99919397332513E-005	-7.35380516358919E-005	0	0	0	0	0	0	0	0
2.71953251831239E-005	0.0001185951	0	0	0	0	0	0	0	0
6.68566513371943E-005	-4.52558793621401E-005	0	0	0	0	0	0	0	0
-3.90657558971727E-005	0.0001555311	0	0	0	0	0	0	0	0
-9.88499156393798E-005	0.000011297	0	0	0	0	0	0	0	0
-0.000090809	-3.0226839564256E-005	0	0	0	0	0	0	0	0
-3.01712023014525E-005	0.0001391799	0	0	0	0	0	0	0	0
-4.79005647436528E-005	-0.0001064267	0	0	0	0	0	0	0	0
-6.65021567536387E-005	-7.15916141195251E-005	0	0	0	0	0	0	0	0
0.000066786	-2.95046794468123E-005	0	0	0	0	0	0	0	0
0.000061354	-5.78335510682733E-005	0	0	0	0	0	0	0	0
6.59476364821522E-005	9.72064982580829E-005	0	0	0	0	0	0	0	0
-4.37274798700487E-005	-0.0001256941	0	0	0	0	0	0	0	0
6.36194454610786E-005	0.0001309117	0	0	0	0	0	0	0	0
-1.57934584059222E-005	0.0001308489	0	0	0	0	0	0	0	0
-0.000080466	-2.32827972613064E-005	0	0	0	0	0	0	0	0
5.63966363477033E-005	0.0001439056	0	0	0	0	0	0	0	0
0.000022184	-0.0001246236	0	0	0	0	0	0	0	0
-2.95796640355961E-005	-0.0001572782	0	0	0	0	0	0	0	0
5.85707304429313E-005	-0.0001298497	0	0	0	0	0	0	0	0
2.56363280405606E-005	-0.0001393757	0	0	0	0	0	0	0	0
5.27521927497736E-005	-0.0001110609	0	0	0	0	0	0	0	0
-8.46923992355426E-005	-2.49304298815662E-005	0	0	0	0	0	0	0	0
-8.17864224883256E-005	3.0508634796349E-005	0	0	0	0	0	0	0	0
5.86878405662539E-005	-0.0001375265	0	0	0	0	0	0	0	0
7.22254867486012E-005	-0.0001167475	0	0	0	0	0	0	0	0
-7.9068900506875E-005	-7.19764662175595E-005	0	0	0	0	0	0	0	0
0.000069775	-8.36954284848994E-005	0	0	0	0	0	0	0	0
9.21590604569657E-005	4.59720709133856E-005	0	0	0	0	0	0	0	0
3.58563397023266E-005	0.0001040012	0	0	0	0	0	0	0	0
-3.8375652406403E-005	-0.0001193759	0	0	0	0	0	0	0	0
1.09579388800065E-006	-0.0001411067	0	0	0	0	0	0	0	0
-5.6625899588793E-005	-0.0001279337	0	0	0	0	0	0	0	0
1.44289335229015E-005	0.0001406987	0	0	0	0	0	0	0	0
-6.98790678550651E-005	5.10164508623604E-005	0	0	0	0	0	0	0	0
-2.78897836872979E-005	-0.0001100155	0	0	0	0	0	0	0	0
7.48068993009506E-005	1.94885161796389E-005	0	0	0	0	0	0	0	0
7.1057083436146E-005	6.24057880885174E-005	0	0	0	0	0	0	0	0
-7.47377371777545E-005	-7.47981772010047E-005	0	0	0	0	0	0	0	0
-6.87970500320599E-005	0.000027548	0	0	0	0	0	0	0	0
8.68981269144909E-005	4.16727236721499E-005	0	0	0	0	0	0	0	0
-7.62056085224843E-005	6.21119123049789E-005	0	0	0	0	0	0	0	0
7.30415711672541E-005	-4.03601050725202E-005	0	0	0	0	0	0	0	0
7.59328009946265E-005	-9.76715650390586E-005	0	0	0	0	0	0	0	0
6.37342931983052E-005	0.0001111187	0	0	0	0	0	0	0	0
-3.82346049511033E-005	0.0001389225	0	0	0	0	0	0	0	0
6.18889486218804E-006	-0.0001654986	0	0	0	0	0	0	0	0
5.97516695077402E-006	0.0001594365	0	0	0	0	0	0	0	0
8.87642412990197E-005	-6.31927681091558E-005	0	0	0	0	0	0	0	0
2.48335428449421E-006	-0.0001212768	0	0	0	0	0	0	0	0
-7.47157884526207E-005	6.22868409800668E-005	0	0	0	0	0	0	0	0
3.08185698339533E-005	0.0001123888	0	0	0	0	0	0	0	0
-4.5373565630107E-005	0.0001405321	0	0	0	0	0	0	0	0
4.66685552263713E-005	-0.0001120783	0	0	0	0	0	0	0	0
-0.000050591	0.0001000604	0	0	0	0	0	0	0	0
-8.78628456160597E-005	3.06332897824964E-005	0	0	0	0	0	0	0	0
6.61016424067742E-005	7.42443054265184E-005	0	0	0	0	0	0	0	0
0.000004321	-0.0001324818	0	0	0	0	0	0	0	0
-6.99349343843781E-005	-1.17377608755345E-006	0	0	0	0	0	0	0	0
7.25625134930608E-005	0.000026246	0	0	0	0	0	0	0	0
7.84517524969891E-005	9.58339392755417E-005	0	0	0	0	0	0	0	0
9.17487901525197E-006	0.0001563189	0	0	0	0	0	0	0	0
5.83804891714707E-005	-0.0001395128	0	0	0	0	0	0	0	0
7.87202845692673E-005	2.08028466104705E-005	0	0	0	0	0	0	0	0
-5.96107601764352E-005	-9.80318887390515E-005	0	0	0	0	0	0	0	0
7.27382108034989E-005	-4.19122197905314E-005	0	0	0	0	0	0	0	0
-6.01527091131235E-005	6.54141627121348E-005	0	0	0	0	0	0	0	0
2.83815292719528E-005	0.0001481149	0	0	0	0	0	0	0	0
-9.20118990205368E-005	-4.99344225868886E-005	0	0	0	0	0	0	0	0
-6.40289240254964E-005	0.0001228146	0	0	0	0	0	0	0	0
-0.000057673	-0.0001110803	0	0	0	0	0	0	0	0
2.06158216531307E-005	-0.0001180951	0	0	0	0	0	0	0	0
1.75615060855617E-005	-0.0001675502	0	0	0	0	0	0	0	0
0.000007503	0.0001332957	0	0	0	0	0	0	0	0
3.73873403719421E-005	-0.0001291108	0	0	0	0	0	0	0	0
3.25778820478691E-005	0.0001640404	0	0	0	0	0	0	0	0
3.37292513989617E-005	-0.0001569507	0	0	0	0	0	0	0	0
-7.064690854132E-005	4.08433392218898E-005	0	0	0	0	0	0	0	0
-1.14872660483819E-005	0.0001398595	0	0	0	0	0	0	0	0
6.16953176164756E-005	-0.0001363594	0	0	0	0	0	0	0	0
-4.478011712625E-005	-0.00009204	0	0	0	0	0	0	0	0
-6.79161383373737E-005	-0.0001034202	0	0	0	0	0	0	0	0
-2.19923669253946E-005	-0.0001311687	0	0	0	0	0	0	0	0
-4.78825196748304E-005	8.56197429879104E-005	0	0	0	0	0	0	0	0
-3.83858421900575E-005	-0.000109089	0	0	0	0	0	0	0	0
-4.12704449229941E-005	-0.0001458058	0	0	0	0	0	0	0	0
-5.94689150385031E-005	0.0001019358	0	0	0	0	0	0	0	0
-8.62322310383687E-005	-8.4738070333298E-005	0	0	0	0	0	0	0	0
9.08127041668523E-005	1.08658840179985E-005	0	0	0	0	0	0	0	0
4.44074363326138E-005	-0.0001321908	0	0	0	0	0	0	0	0
6.55189307512359E-005	0.000028615	0	0	0	0	0	0	0	0
-7.25547390123052E-005	7.98422830414375E-005	0	0	0	0	0	0	0	0
-3.92613112871549E-005	-0.0001316576	0	0	0	0	0	0	0	0
-6.17628970383734E-005	-0.0001398209	0	0	0	0	0	0	0	0
7.31464204495061E-005	4.55558375712735E-005	0	0	0	0	0	0	0	0
-2.83313434785696E-005	0.0001591321	0	0	0	0	0	0	0	0
-1.8096089924672E-005	-0.0001588604	0	0	0	0	0	0	0	0
-7.14263333441248E-005	-9.42574916015637E-005	0	0	0	0	0	0	0	0
-9.6273624348004E-005	-4.12956278985237E-005	0	0	0	0	0	0	0	0
7.80566259798576E-005	-4.59292472038137E-005	0	0	0	0	0	0	0	0
-6.4916617204141E-005	-0.0001221857	0	0	0	0	0	0	0	0
-3.94876009388939E-005	-0.000107715	0	0	0	0	0	0	0	0
-0.000017637	0.0001716471	0	0	0	0	0	0	0	0
6.72041516155599E-005	7.6521356971036E-005	0	0	0	0	0	0	0	0
6.99872125153351E-005	5.47636592655127E-005	0	0	0	0	0	0	0	0
8.49294584156381E-005	1.88524752951974E-005	0	0	0	0	0	0	0	0
-7.97879026741861E-005	1.89075718555711E-005	0	0	0	0	0	0	0	0
-6.21885671170008E-005	-0.0001069494	0	0	0	0	0	0	0	0
-7.02367057125519E-005	-1.44140553036004E-005	0	0	0	0	0	0	0	0
-2.66449705319326E-006	0.0001559022	0	0	0	0	0	0	0	0
1.98513099355638E-005	0.0001684506	0	0	0	0	0	0	0	0
-8.76234131379655E-005	-7.01607893574041E-005	0	0	0	0	0	0	0	0
-2.24880827793487E-006	0.0001409864	0	0	0	0	0	0	0	0
-7.65791365390086E-007	-0.0001709145	0	0	0	0	0	0	0	0
6.74703666561402E-005	-5.52276248562604E-005	0	0	0	0	0	0	0	0
0.000087397	-7.23232425220136E-005	0	0	0	0	0	0	0	0
-6.21877805045695E-005	-0.0001344005	0	0	0	0	0	0	0	0
-3.77376116751075E-005	-0.0001100819	0	0	0	0	0	0	0	0
-1.36081923438095E-005	-0.000164284	0	0	0	0	0	0	0	0
8.57881438862545E-005	1.99355430530756E-005	0	0	0	0	0	0	0	0
6.64387856021011E-005	-8.7775472575461E-005	0	0	0	0	0	0	0	0
-7.09913977835924E-005	-0.0001231301	0	0	0	0	0	0	0	0
7.34087784896188E-005	-2.28745855425438E-005	0	0	0	0	0	0	0	0
4.48827323861129E-006	-0.0001413373	0	0	0	0	0	0	0	0
7.98800703547895E-005	-4.50324749834493E-005	0	0	0	0	0	0	0	0
6.40965398123277E-005	-7.08397213562171E-005	0	0	0	0	0	0	0	0
7.50458730554394E-005	-0.000085995	0	0	0	0	0	0	0	0
-2.73841817272579E-005	0.0001660323	0	0	0	0	0	0	0	0
7.99529109712324E-005	-6.53893189012316E-006	0	0	0	0	0	0	0	0
7.06737232008374E-005	9.25562682545055E-006	0	0	0	0	0	0	0	0
3.49572226399715E-005	0.000122342	0	0	0	0	0	0	0	0
-0.000018743	0.0001586851	0	0	0	0	0	0	0	0
6.38356737437739E-005	-7.11737097064727E-005	0	0	0	0	0	0	0	0
-0.000062152	4.47966443654838E-005	0	0	0	0	0	0	0	0
7.49906009892632E-005	-7.07607699955291E-005	0	0	0	0	0	0	0	0
-3.69508193090623E-005	-0.0001259851	0	0	0	0	0	0	0	0
-5.5052934792204E-005	-0.0001429383	0	0	0	0	0	0	0	0
7.8242531357682E-005	-7.20214632078573E-005	0	0	0	0	0	0	0	0
-7.32477630802624E-005	-7.25706500112008E-005	0	0	0	0	0	0	0	0
-3.23608458050985E-005	0.0001184325	0	0	0	0	0	0	0	0
6.88307655900833E-005	7.60412220733665E-006	0	0	0	0	0	0	0	0
3.25976021610005E-005	0.0001448904	0	0	0	0	0	0	0	0
8.22332344918689E-005	-4.15766925090775E-005	0	0	0	0	0	0	0	0
-0.000009935	0.0001270817	0	0	0	0	0	0	0	0
1.43331244451296E-005	-0.0001542964	0	0	0	0	0	0	0	0
5.08506175606979E-005	7.99885005928943E-005	0	0	0	0	0	0	0	0
-8.5725676371635E-005	-1.51275890537384E-005	0	0	0	0	0	0	0	0
-6.82387948156734E-005	2.58707177301422E-005	0	0	0	0	0	0	0	0
4.82163431272422E-005	0.0001099145	0	0	0	0	0	0	0	0
6.6305727170322E-005	-1.74287473795984E-005	0	0	0	0	0	0	0	0
-3.29817235654856E-006	0.0001402985	0	0	0	0	0	0	0	0
1.28319473562688E-005	-0.000158512	0	0	0	0	0	0	0	0
6.2030293688123E-005	4.71192933621676E-005	0	0	0	0	0	0	0	0
-7.65306099901673E-005	-4.15125965817261E-005	0	0	0	0	0	0	0	0
8.08655583406458E-005	7.31952149685357E-006	0	0	0	0	0	0	0	0
4.43752897287754E-005	0.0001216074	0	0	0	0	0	0	0	0
-9.50513184066425E-005	-0.000052941	0	0	0	0	0	0	0	0
6.34668608512704E-005	-6.52605568460128E-005	0	0	0	0	0	0	0	0
5.00138164633957E-005	0.0001124287	0	0	0	0	0	0	0	0
2.3407067718138E-006	-0.0001368661	0	0	0	0	0	0	0	0
-8.6776912045639E-005	-8.20505801052988E-005	0	0	0	0	0	0	0	0
-5.30677976213112E-005	9.35821575425885E-005	0	0	0	0	0	0	0	0
-8.41367204101701E-005	0.000052635	0	0	0	0	0	0	0	0
-1.65843793324291E-005	0.0001784945	0	0	0	0	0	0	0	0
-4.70921453723089E-005	-9.19433991784767E-005	0	0	0	0	0	0	0	0
-8.82195379672421E-005	-2.56701722277351E-005	0	0	0	0	0	0	0	0
8.15962235593502E-005	-2.83923364774396E-005	0	0	0	0	0	0	0	0
-9.3137361881911E-005	8.33951679242362E-006	0	0	0	0	0	0	0	0
2.06503638985653E-005	0.0001261877	0	0	0	0	0	0	0	0
4.69413967238832E-005	9.44911468988112E-005	0	0	0	0	0	0	0	0
8.63016589401848E-005	3.49183367750998E-005	0	0	0	0	0	0	0	0
9.1210728184338E-005	-4.13437378331443E-005	0	0	0	0	0	0	0	0
-6.6142443746173E-005	0.0001108873	0	0	0	0	0	0	0	0
3.46449139203508E-005	0.0001342485	0	0	0	0	0	0	0	0
3.52984294534745E-005	0.0001273583	0	0	0	0	0	0	0	0
9.7241943366521E-005	1.38909406901951E-005	0	0	0	0	0	0	0	0
-7.37015549305691E-005	9.60303570811936E-005	0	0	0	0	0	0	0	0
-8.96588354138767E-005	2.5961827003228E-005	0	0	0	0	0	0	0	0
5.11514264466969E-005	0.0001407316	0	0	0	0	0	0	0	0
3.59182745841198E-005	-0.0001182069	0	0	0	0	0	0	0	0
6.25185653621428E-005	9.40824444482581E-005	0	0	0	0	0	0	0	0
-7.41236994028591E-005	3.5032712111273E-005	0	0	0	0	0	0	0	0
-0.000048944	0.0001211257	0	0	0	0	0	0	0	0
8.26063154113819E-005	-6.37512351093495E-005	0	0	0	0	0	0	0	0
4.46608387020678E-005	-0.0001430841	0	0	0	0	0	0	0	0
-2.51659661206253E-006	0.0001380811	0	0	0	0	0	0	0	0
2.4027520546239E-005	-0.0001686549	0	0	0	0	0	0	0	0
-6.8632949411373E-005	7.72263849566693E-005	0	0	0	0	0	0	0	0
2.91655699391948E-005	0.0001286501	0	0	0	0	0	0	0	0
0.000052875	-0.000103522	0	0	0	0	0	0	0	0
9.39336603182896E-005	-1.79278119547412E-005	0	0	0	0	0	0	0	0
-7.12883834432558E-005	6.62843809919485E-005	0	0	0	0	0	0	0	0
-9.63684593353501E-005	3.7736339021308E-005	0	0	0	0	0	0	0	0
-3.93627240122506E-005	0.0001116978	0	0	0	0	0	0	0	0
-9.7854148371168E-006	-0.0001322269	0	0	0	0	0	0	0	0
-0.00000339	0.0001661948	0	0	0	0	0	0	0	0
-7.85211125813237E-005	-0.0001045127	0	0	0	0	0	0	0	0
